0.000000000000000000e+00
8.512995886844419713e-03
1.735582845338693586e-02
2.652066903154478433e-02
3.599912546077235764e-02
4.578218039697019154e-02
5.586012455797413623e-02
6.622248571258962380e-02
7.685795430343753121e-02
8.775430667717482036e-02
9.889832697895592495e-02
1.102757288512977440e-01
1.218710781608136340e-01
1.336677180595782222e-01
1.456476977711872178e-01
1.577917065748748737e-01
1.700790145443517587e-01
1.824874216813239802e-01
1.949932171669572223e-01
2.075711505378460553e-01
2.201944166763497301e-01
2.328346565884557018e-01
2.454619760256308569e-01
2.580465749841112655e-01
2.705635922481129940e-01
2.829884129055346143e-01
2.952951316424028971e-01
3.074566129359108668e-01
3.194445624654478899e-01
3.312296098887806406e-01
3.427814030115088895e-01
3.540687132480298538e-01
3.650595521315277980e-01
3.757212984789384813e-01
3.860241635116089531e-01
3.959520674242693605e-01
4.054940529767567803e-01
4.146411550288905956e-01
4.233863812210023614e-01
4.317246684812774959e-01
4.396528154636056285e-01
4.471693912631887202e-01
4.542746210130155227e-01
4.609702492324546652e-01
4.672593820796660524e-01
4.731463099522686955e-01
4.786363121857285519e-01
4.837354459162713227e-01
4.884503215047303337e-01
4.927878672596744392e-01
4.967550865523550629e-01
5.003588107825339693e-01
5.036054520330403017e-01
5.065007596420127989e-01
5.090495853251654212e-01
5.112556618961037191e-01
5.131214010606981457e-01
5.146477162017967233e-01
5.158332145732286156e-01
5.166712149918781805e-01
5.171540834586721980e-01
5.172754538242504418e-01
5.170304014624408362e-01
5.164156005527917870e-01
5.154294667209687875e-01
5.140722818021467022e-01
5.123462972956254191e-01
5.102558966810969432e-01
5.078078917531811953e-01
5.050112483590508683e-01
5.018769297163696574e-01
4.984178092575919927e-01
4.946485727614544081e-01
4.905856103280474279e-01
4.862468804576195458e-01
4.816482865963131466e-01
4.767990729881694811e-01
4.717080048117942015e-01
4.663843691893062582e-01
4.608380133425681313e-01
4.550793829184497929e-01
4.491195602149559707e-01
4.429703020223751397e-01
4.366440767756055719e-01
4.301541006954249791e-01
4.235143725777443802e-01
4.167397068707781593e-01
4.098457646606141758e-01
4.028482809141206156e-01
3.957552350906368144e-01
3.885699702977382097e-01
3.812962731123341609e-01
3.739385018911677849e-01
3.665016446443358222e-01
3.589913782224012362e-01
3.514141287076386622e-01
3.437771328928121428e-01
3.360885007236024680e-01
3.283572785734045207e-01
3.205935132116773945e-01
